15016	2025-26	12500009	97
15018	2025-26	12500043	95
15018	2025-26	12500032	88
15018	2025-26	12500055	74
1610612737	2019-20	21800928	161
1610612737	1960-61	25900187	155
1610612737	1970-71	26900422	155
1610612738	1959-60	25800258	173
1610612738	1990-91	48900011	157
1610612738	2023-24	22300118	155
1610612739	1980-81	27900581	154
1610612739	2024-25	22400424	149
1610612739	1991-92	29100300	148
1610612740	2024-25	22300616	153
1610612740	2018-19	21800022	149
1610612740	2023-24	22300345	146
1610612741	2019-20	21800928	168
1610612741	1984-85	28300764	156
1610612741	1990-91	29000213	155
1610612742	1995-96	29401018	156
1610612742	1987-88	48600003	151
1610612742	2020-21	21901238	149
1610612743	1983-84	28300255	184
1610612743	2008-09	20700989	168
1610612743	1984-85	28300404	163
1610612744	1962-63	26100329	169
1610612744	1990-91	29000002	162
1610612744	2023-24	22201230	157
1610612745	2019-20	21900061	159
1610612745	2019-20	21900282	158
1610612745	1991-92	29000441	156
1610612746	2023-24	22200902	175
1610612746	2020-21	41900155	154
1610612746	2022-23	22101156	153
1610612747	1972-73	27100783	162
1610612747	1979-80	27800803	156
1610612747	1987-88	28600338	155
1610612748	2025-26	22401177	153
1610612748	2018-19	21701054	149
1610612748	2022-23	22101181	144
1610612749	1982-83	28100679	166
1610612749	1979-80	27800753	158
1610612749	1970-71	46900233	156
1610612750	2023-24	22201214	151
1610612750	2022-23	22200449	150
1610612750	2022-23	22101024	149
1610612751	2006-07	20600271	157
1610612751	2022-23	22101030	150
1610612751	2019-20	21800853	148
1610612752	1959-60	25900097	152
1610612752	2006-07	20600420	151
1610612752	1970-71	26900433	151
1610612753	1990-91	29000378	155
1610612753	1995-96	29400678	152
1610612753	2019-20	21801181	149
1610612754	2025-26	22401061	162
1610612754	2023-24	22300039	157
1610612754	2024-25	22301188	157
1610612755	1963-64	26200339	163
1610612755	1960-61	26000126	162
1610612755	1963-64	26200259	162
1610612756	1990-91	29000065	173
1610612756	2006-07	20600271	161
1610612756	1972-73	27100670	160
1610612757	1983-84	28300141	156
1610612757	1986-87	28500541	156
1610612757	1984-85	28300764	155
1610612758	2023-24	22200902	176
1610612758	1970-71	26900525	165
1610612758	1969-70	26900166	156
1610612759	1982-83	28100679	171
1610612759	1978-79	27800128	163
1610612759	1990-91	29000042	161
1610612760	1988-89	28800173	154
1610612760	1989-90	28900045	154
1610612760	2023-24	22200799	153
1610612761	2020-21	41900114	150
1610612761	2021-22	22000132	144
1610612761	2022-23	22200114	143
1610612762	2021-22	22000942	154
1610612762	2024-25	22300474	154
1610612762	1978-79	27700895	153
1610612763	2024-25	22400414	155
1610612763	2021-22	22100330	152
1610612763	2023-24	22201100	151
1610612764	1990-91	29000369	161
1610612764	2019-20	21900061	158
1610612764	1968-69	26700424	156
1610612765	1983-84	28300255	186
1610612765	1979-80	27800730	160
1610612765	1969-70	26800568	158
1610612766	2022-23	22100723	158
1610612766	2025-26	12500061	145
1610612766	2025-26	22400964	145
50013	2025-26	12500011	92
50014	2025-26	12500026	88
