1946-47	1610612738	300	60.0	5
1946-47	1610612744	316	63.2	5
1946-47	1610612752	267	66.75	4
1947-48	1610612738	933	62.2	15
1947-48	1610612744	1180	69.41176470588235	17
1947-48	1610612752	1210	67.22222222222223	18
1948-49	1610612738	1433	71.65	20
1948-49	1610612744	1506	75.3	20
1948-49	1610612747	940	78.33333333333333	12
1948-49	1610612752	1425	75.0	19
1948-49	1610612758	1074	82.61538461538461	13
1948-49	1610612765	775	77.5	10
1949-50	1610612737	785	78.5	10
1949-50	1610612738	2281	78.65517241379311	29
1949-50	1610612744	2176	77.71428571428571	28
1949-50	1610612747	2391	82.44827586206897	29
1949-50	1610612752	2389	79.63333333333334	30
1949-50	1610612755	801	80.1	10
1949-50	1610612758	2206	81.70370370370371	27
1949-50	1610612765	2335	75.3225806451613	31
1950-51	1610612737	2387	82.3103448275862	29
1950-51	1610612738	3033	79.8157894736842	38
1950-51	1610612744	3153	76.90243902439025	41
1950-51	1610612747	4164	81.6470588235294	51
1950-51	1610612752	3610	82.04545454545455	44
1950-51	1610612755	3227	82.74358974358974	39
1950-51	1610612758	3580	79.55555555555556	45
1950-51	1610612765	3476	77.24444444444444	45
1951-52	1610612737	4297	79.57407407407408	54
1951-52	1610612738	4658	89.57692307692308	52
1951-52	1610612744	4659	84.7090909090909	55
1951-52	1610612747	4334	83.34615384615384	52
1951-52	1610612752	5682	83.55882352941177	68
1951-52	1610612755	5141	87.13559322033899	59
1951-52	1610612758	5303	84.17460317460318	63
1951-52	1610612765	4559	79.98245614035088	57
1952-53	1610612737	4010	75.66037735849056	53
1952-53	1610612738	5266	89.2542372881356	59
1952-53	1610612744	4545	84.16666666666667	54
1952-53	1610612747	5583	85.8923076923077	65
1952-53	1610612752	5144	87.1864406779661	59
1952-53	1610612755	5201	88.15254237288136	59
1952-53	1610612758	5110	88.10344827586206	58
1952-53	1610612765	3973	81.08163265306122	49
1953-54	1610612737	4075	71.49122807017544	57
1953-54	1610612738	5785	86.34328358208955	67
1953-54	1610612744	3932	75.61538461538461	52
1953-54	1610612747	5666	82.1159420289855	69
1953-54	1610612752	5563	81.80882352941177	68
1953-54	1610612755	5150	83.06451612903226	62
1953-54	1610612758	4966	82.76666666666667	60
1953-54	1610612765	5406	78.34782608695652	69
1954-55	1610612737	4895	77.6984126984127	63
1954-55	1610612738	6111	94.01538461538462	65
1954-55	1610612744	5353	83.640625	64
1954-55	1610612747	6634	86.15584415584415	77
1954-55	1610612752	5738	81.97142857142858	70
1954-55	1610612755	6653	85.2948717948718	78
1954-55	1610612758	5877	82.77464788732394	71
1954-55	1610612765	5691	83.69117647058823	68
1955-56	1610612737	6362	89.6056338028169	71
1955-56	1610612738	7678	102.37333333333333	75
1955-56	1610612744	6902	95.86111111111111	72
1955-56	1610612747	7787	96.1358024691358	81
1955-56	1610612752	7170	96.89189189189189	74
1955-56	1610612755	7714	95.23456790123457	81
1955-56	1610612758	7308	92.50632911392405	79
1955-56	1610612765	7357	93.12658227848101	79
1956-57	1610612737	8215	96.6470588235294	85
1956-57	1610612738	8533	105.34567901234568	81
1956-57	1610612744	9113	103.55681818181819	88
1956-57	1610612747	8083	101.0375	80
1956-57	1610612752	7523	100.30666666666667	75
1956-57	1610612755	7671	95.8875	80
1956-57	1610612758	7207	94.82894736842105	76
1956-57	1610612765	8214	94.41379310344827	87
1957-58	1610612737	9302	105.70454545454545	88
1957-58	1610612738	9067	109.24096385542168	83
1957-58	1610612744	7372	100.98630136986301	73
1957-58	1610612747	8288	106.25641025641026	78
1957-58	1610612752	7972	106.29333333333334	75
1957-58	1610612755	8554	104.3170731707317	82
1957-58	1610612758	7010	97.36111111111111	72
1957-58	1610612765	7691	99.88311688311688	77
1958-59	1610612737	8594	106.09876543209876	81
1958-59	1610612738	9226	109.83333333333333	84
1958-59	1610612744	8406	102.51219512195122	82
1958-59	1610612747	7494	104.08333333333333	72
1958-59	1610612752	7749	109.14084507042253	71
1958-59	1610612755	7830	105.8108108108108	74
1958-59	1610612758	7412	101.53424657534246	73
1958-59	1610612765	8370	105.9493670886076	79
1959-60	1610612737	8591	110.14102564102564	78
1959-60	1610612738	10296	121.12941176470588	85
1959-60	1610612744	8100	110.95890410958904	73
1959-60	1610612747	9291	105.57954545454545	88
1959-60	1610612752	8812	114.44155844155844	77
1959-60	1610612755	9588	116.92682926829268	82
1959-60	1610612758	8305	107.85714285714286	77
1959-60	1610612765	8370	107.3076923076923	78
1960-61	1610612737	10556	114.73913043478261	92
1960-61	1610612738	10842	121.82022471910112	89
1960-61	1610612744	10330	118.73563218390805	87
1960-61	1610612747	9744	112.0	87
1960-61	1610612752	8879	115.31168831168831	77
1960-61	1610612755	9389	120.37179487179488	78
1960-61	1610612758	9044	114.48101265822785	79
1960-61	1610612765	8595	114.6	75
1961-62	1610612737	11104	118.12765957446808	94
1961-62	1610612738	10533	119.69318181818181	88
1961-62	1610612744	10317	122.82142857142857	84
1961-62	1610612747	10966	116.65957446808511	94
1961-62	1610612752	9059	113.2375	80
1961-62	1610612755	10927	120.07692307692308	91
1961-62	1610612758	9190	120.92105263157895	76
1961-62	1610612764	3581	108.51515151515152	33
1961-62	1610612765	10175	118.31395348837209	86
1962-63	1610612737	9439	115.10975609756098	82
1962-63	1610612738	11154	118.65957446808511	94
1962-63	1610612744	11003	120.91208791208791	91
1962-63	1610612747	10479	117.74157303370787	89
1962-63	1610612752	9172	114.65	80
1962-63	1610612755	9962	120.02409638554217	83
1962-63	1610612758	9881	121.98765432098766	81
1962-63	1610612764	9703	111.52873563218391	87
1962-63	1610612765	10583	113.79569892473118	93
1963-64	1610612737	9972	109.58241758241758	91
1963-64	1610612738	10615	119.26966292134831	89
1963-64	1610612744	8777	112.52564102564102	78
1963-64	1610612747	10389	112.92391304347827	92
1963-64	1610612752	8988	109.60975609756098	82
1963-64	1610612755	9882	117.64285714285714	84
1963-64	1610612758	10885	115.79787234042553	94
1963-64	1610612764	8004	109.64383561643835	73
1963-64	1610612765	8624	112.0	77
1964-65	1610612737	9603	109.125	88
1964-65	1610612738	10890	111.12244897959184	98
1964-65	1610612744	10493	108.17525773195877	97
1964-65	1610612747	9276	109.12941176470588	85
1964-65	1610612752	8768	112.41025641025641	78
1964-65	1610612755	10098	113.46067415730337	89
1964-65	1610612758	10050	114.20454545454545	88
1964-65	1610612764	9207	112.28048780487805	82
1964-65	1610612765	9385	107.8735632183908	87
1965-66	1610612737	9116	109.83132530120481	83
1965-66	1610612738	9822	112.89655172413794	87
1965-66	1610612744	8944	109.07317073170732	82
1965-66	1610612747	10925	113.80208333333333	96
1965-66	1610612752	8469	109.98701298701299	77
1965-66	1610612755	10087	114.625	88
1965-66	1610612758	9846	115.83529411764705	85
1965-66	1610612764	10935	117.58064516129032	93
1965-66	1610612765	8391	108.97402597402598	77
1966-67	1610612737	10105	112.27777777777777	90
1966-67	1610612738	11381	114.95959595959596	99
1966-67	1610612741	4467	111.675	40
1966-67	1610612744	9036	118.89473684210526	76
1966-67	1610612747	10732	120.58426966292134	89
1966-67	1610612752	9974	117.34117647058824	85
1966-67	1610612755	10640	119.5505617977528	89
1966-67	1610612758	9733	115.86904761904762	84
1966-67	1610612764	9630	114.64285714285714	84
1966-67	1610612765	9091	110.86585365853658	82
1967-68	1610612737	10690	113.72340425531915	94
1967-68	1610612738	10633	118.14444444444445	90
1967-68	1610612741	9245	111.3855421686747	83
1967-68	1610612744	12127	120.06930693069307	101
1967-68	1610612745	4653	113.48780487804878	41
1967-68	1610612747	10352	118.98850574712644	87
1967-68	1610612752	9901	116.48235294117647	85
1967-68	1610612755	11898	122.65979381443299	97
1967-68	1610612758	10020	116.51162790697674	86
1967-68	1610612760	4956	118.0	42
1967-68	1610612764	8874	116.76315789473684	76
1967-68	1610612765	9683	115.27380952380952	84
1968-69	1610612737	9797	112.60919540229885	87
1968-69	1610612738	11521	115.21	100
1968-69	1610612741	9349	106.23863636363636	88
1968-69	1610612744	10000	112.35955056179775	89
1968-69	1610612745	8940	113.16455696202532	79
1968-69	1610612747	11529	117.64285714285714	98
1968-69	1610612749	4379	109.475	40
1968-69	1610612752	10288	113.05494505494505	91
1968-69	1610612755	11175	121.46739130434783	92
1968-69	1610612756	4281	112.65789473684211	38
1968-69	1610612758	9581	116.84146341463415	82
1968-69	1610612760	9429	114.98780487804878	82
1968-69	1610612764	10155	118.0813953488372	86
1968-69	1610612765	9751	116.08333333333333	84
1969-70	1610612737	10870	113.22916666666667	96
1969-70	1610612738	11361	110.30097087378641	103
1969-70	1610612741	9015	109.9390243902439	82
1969-70	1610612744	9522	109.44827586206897	87
1969-70	1610612745	10361	115.12222222222222	90
1969-70	1610612747	10782	111.15463917525773	97
1969-70	1610612749	9285	113.23170731707317	82
1969-70	1610612752	10102	112.24444444444444	90
1969-70	1610612755	10790	118.57142857142857	91
1969-70	1610612756	9377	114.35365853658537	82
1969-70	1610612758	9891	115.01162790697674	86
1969-70	1610612760	9057	114.64556962025317	79
1969-70	1610612764	10210	117.35632183908046	87
1969-70	1610612765	9357	111.39285714285714	84
1970-71	1610612737	10368	113.93406593406593	91
1970-71	1610612738	9814	116.83333333333333	84
1970-71	1610612739	4379	99.52272727272727	44
1970-71	1610612741	9749	113.36046511627907	86
1970-71	1610612744	9388	109.16279069767442	86
1970-71	1610612745	9739	117.33734939759036	83
1970-71	1610612746	4376	104.19047619047619	42
1970-71	1610612747	11447	114.47	100
1970-71	1610612749	10497	119.2840909090909	88
1970-71	1610612752	11532	111.96116504854369	103
1970-71	1610612755	10502	118.0	89
1970-71	1610612756	10855	116.72043010752688	93
1970-71	1610612757	4553	113.825	40
1970-71	1610612758	9278	117.44303797468355	79
1970-71	1610612760	9628	116.0	83
1970-71	1610612764	10101	116.10344827586206	87
1970-71	1610612765	9547	113.6547619047619	84
1971-72	1610612737	9503	111.8	85
1971-72	1610612738	9487	115.6951219512195	82
1971-72	1610612739	7987	103.72727272727273	77
1971-72	1610612741	9606	110.41379310344827	87
1971-72	1610612744	8803	104.79761904761905	84
1971-72	1610612745	8807	110.0875	80
1971-72	1610612746	7969	104.85526315789474	76
1971-72	1610612747	11089	115.51041666666667	96
1971-72	1610612749	11451	115.66666666666667	99
1971-72	1610612752	9635	108.25842696629213	89
1971-72	1610612755	9736	113.20930232558139	86
1971-72	1610612756	8975	115.06410256410257	78
1971-72	1610612757	9174	111.8780487804878	82
1971-72	1610612758	8955	110.55555555555556	81
1971-72	1610612760	9138	111.4390243902439	82
1971-72	1610612764	10862	108.62	100
1971-72	1610612765	8659	108.2375	80
1972-73	1610612737	9875	110.95505617977528	89
1972-73	1610612738	10202	114.62921348314607	89
1972-73	1610612739	8458	104.41975308641975	81
1972-73	1610612741	9206	107.04651162790698	86
1972-73	1610612744	9118	109.855421686747	83
1972-73	1610612745	8633	110.67948717948718	78
1972-73	1610612746	8374	100.89156626506023	83
1972-73	1610612747	10903	115.98936170212765	94
1972-73	1610612749	10268	110.40860215053763	93
1972-73	1610612752	10850	106.37254901960785	102
1972-73	1610612755	8823	108.92592592592592	81
1972-73	1610612756	9255	112.86585365853658	82
1972-73	1610612757	8557	105.64197530864197	81
1972-73	1610612758	9576	108.81818181818181	88
1972-73	1610612760	8794	105.95180722891567	83
1972-73	1610612764	9300	105.68181818181819	88
1972-73	1610612765	8966	110.69135802469135	81
1973-74	1610612737	9728	113.11627906976744	86
1973-74	1610612738	10675	112.36842105263158	95
1973-74	1610612739	8730	102.70588235294117	85
1973-74	1610612741	9562	103.93478260869566	92
1973-74	1610612744	9860	107.17391304347827	92
1973-74	1610612745	9534	110.86046511627907	86
1973-74	1610612746	8967	108.03614457831326	83
1973-74	1610612747	11107	107.83495145631068	103
1973-74	1610612749	9424	108.32183908045977	87
1973-74	1610612752	9956	102.63917525773196	97
1973-74	1610612755	8387	102.28048780487805	82
1973-74	1610612756	9198	110.81927710843374	83
1973-74	1610612757	8757	108.11111111111111	81
1973-74	1610612758	8496	104.88888888888889	81
1973-74	1610612760	9083	106.85882352941177	85
1973-74	1610612764	8769	103.16470588235295	85
1973-74	1610612765	9147	107.61176470588235	85
1974-75	1610612737	8441	104.20987654320987	81
1974-75	1610612738	10486	105.91919191919192	99
1974-75	1610612739	7352	100.71232876712328	73
1974-75	1610612741	8397	96.51724137931035	87
1974-75	1610612744	9133	110.03614457831326	83
1974-75	1610612745	8283	107.57142857142857	77
1974-75	1610612746	9402	110.61176470588235	85
1974-75	1610612747	8786	105.855421686747	83
1974-75	1610612749	9461	101.73118279569893	93
1974-75	1610612752	8841	99.33707865168539	89
1974-75	1610612755	7998	101.24050632911393	79
1974-75	1610612756	8006	105.34210526315789	76
1974-75	1610612757	8209	105.24358974358974	78
1974-75	1610612758	8029	101.63291139240506	79
1974-75	1610612760	7654	104.84931506849315	73
1974-75	1610612762	3137	95.06060606060606	33
1974-75	1610612764	9097	102.21348314606742	89
1974-75	1610612765	8593	101.09411764705882	85
1975-76	1610612737	8000	105.26315789473684	76
1975-76	1610612738	9535	107.13483146067416	89
1975-76	1610612739	8276	99.71084337349397	83
1975-76	1610612741	9072	97.54838709677419	93
1975-76	1610612744	10146	106.8	95
1975-76	1610612745	8893	103.40697674418605	86
1975-76	1610612746	9343	106.17045454545455	88
1975-76	1610612747	8680	105.85365853658537	82
1975-76	1610612749	8026	100.325	80
1975-76	1610612752	8886	102.13793103448276	87
1975-76	1610612755	8057	101.9873417721519	79
1975-76	1610612756	7956	102.0	78
1975-76	1610612757	8259	101.96296296296296	81
1975-76	1610612758	8284	101.02439024390245	82
1975-76	1610612760	9371	102.97802197802197	91
1975-76	1610612762	8320	104.0	80
1975-76	1610612764	9788	103.03157894736842	95
1975-76	1610612765	8048	101.87341772151899	79
1976-77	1610612737	9131	102.59550561797752	89
1976-77	1610612738	10696	104.86274509803921	102
1976-77	1610612739	9531	100.32631578947368	95
1976-77	1610612741	7690	97.34177215189874	79
1976-77	1610612743	3689	111.78787878787878	33
1976-77	1610612744	10618	111.76842105263158	95
1976-77	1610612745	8860	108.04878048780488	82
1976-77	1610612746	9778	107.45054945054945	91
1976-77	1610612747	8541	106.7625	80
1976-77	1610612749	9388	105.48314606741573	89
1976-77	1610612751	3154	98.5625	32
1976-77	1610612752	8142	104.38461538461539	78
1976-77	1610612754	3833	106.47222222222223	36
1976-77	1610612755	9150	107.6470588235294	85
1976-77	1610612756	10663	104.53921568627452	102
1976-77	1610612757	9077	108.05952380952381	84
1976-77	1610612758	9006	104.72093023255815	86
1976-77	1610612759	3862	113.58823529411765	34
1976-77	1610612760	9634	107.04444444444445	90
1976-77	1610612762	9165	106.56976744186046	86
1976-77	1610612764	9280	103.11111111111111	90
1976-77	1610612765	10233	106.59375	96
1977-78	1610612737	8231	102.8875	80
1977-78	1610612738	9670	103.97849462365592	93
1977-78	1610612739	8667	101.96470588235294	85
1977-78	1610612741	9174	101.93333333333334	90
1977-78	1610612743	9989	112.23595505617978	89
1977-78	1610612744	10377	108.09375	96
1977-78	1610612745	10239	105.55670103092784	97
1977-78	1610612746	8362	103.23456790123457	81
1977-78	1610612747	9845	105.86021505376344	93
1977-78	1610612749	9321	110.96428571428571	84
1977-78	1610612751	8300	98.80952380952381	84
1977-78	1610612752	9275	110.41666666666667	84
1977-78	1610612754	8392	108.98701298701299	77
1977-78	1610612755	11403	111.79411764705883	102
1977-78	1610612756	9306	108.20930232558139	86
1977-78	1610612757	10901	111.23469387755102	98
1977-78	1610612758	8735	109.1875	80
1977-78	1610612759	9761	114.83529411764705	85
1977-78	1610612760	8466	103.2439024390244	82
1977-78	1610612762	8473	104.60493827160494	81
1977-78	1610612764	9905	107.66304347826087	92
1977-78	1610612765	8940	107.71084337349397	83
1978-79	1610612737	9142	106.30232558139535	86
1978-79	1610612738	8721	106.35365853658537	82
1978-79	1610612739	9082	105.6046511627907	86
1978-79	1610612741	8668	103.19047619047619	84
1978-79	1610612743	10785	111.18556701030928	97
1978-79	1610612744	8839	106.49397590361446	83
1978-79	1610612745	8839	106.49397590361446	83
1978-79	1610612746	9558	108.61363636363636	88
1978-79	1610612747	9956	113.13636363636364	88
1978-79	1610612749	10414	111.97849462365592	93
1978-79	1610612751	8838	107.78048780487805	82
1978-79	1610612752	10234	111.23913043478261	92
1978-79	1610612754	9236	107.3953488372093	86
1978-79	1610612755	10569	113.64516129032258	93
1978-79	1610612756	10055	114.26136363636364	88
1978-79	1610612757	9508	105.64444444444445	90
1978-79	1610612758	9085	110.79268292682927	82
1978-79	1610612759	10502	116.68888888888888	90
1978-79	1610612760	10651	105.45544554455445	101
1978-79	1610612762	9183	108.03529411764706	85
1978-79	1610612764	11866	111.94339622641509	106
1978-79	1610612765	9401	110.6	85
1979-80	1610612737	10076	107.19148936170212	94
1979-80	1610612738	9455	109.94186046511628	86
1979-80	1610612739	9583	111.43023255813954	86
1979-80	1610612741	8772	105.6867469879518	83
1979-80	1610612743	9712	109.12359550561797	89
1979-80	1610612744	8660	103.0952380952381	84
1979-80	1610612745	9920	114.02298850574712	87
1979-80	1610612746	9346	111.26190476190476	84
1979-80	1610612747	10610	112.87234042553192	94
1979-80	1610612749	9344	112.57831325301204	83
1979-80	1610612751	9299	105.67045454545455	88
1979-80	1610612752	9355	111.36904761904762	84
1979-80	1610612754	9267	109.02352941176471	85
1979-80	1610612755	10353	108.97894736842105	95
1979-80	1610612756	10932	110.42424242424242	99
1979-80	1610612757	9616	104.52173913043478	92
1979-80	1610612758	10358	111.3763440860215	93
1979-80	1610612759	11400	117.52577319587628	97
1979-80	1610612760	11006	106.85436893203884	103
1979-80	1610612762	8864	105.52380952380952	84
1979-80	1610612764	10752	108.60606060606061	99
1979-80	1610612765	9298	109.38823529411765	85
1980-81	1610612737	8866	103.09302325581395	86
1980-81	1610612738	10061	111.78888888888889	90
1980-81	1610612739	8925	107.53012048192771	83
1980-81	1610612741	9159	109.03571428571429	84
1980-81	1610612742	4035	98.41463414634147	41
1980-81	1610612743	8920	112.9113924050633	79
1980-81	1610612744	8833	106.42168674698796	83
1980-81	1610612745	9762	108.46666666666667	90
1980-81	1610612746	8454	105.675	80
1980-81	1610612747	11082	113.08163265306122	98
1980-81	1610612749	9737	110.64772727272727	88
1980-81	1610612751	9134	108.73809523809524	84
1980-81	1610612752	8898	111.225	80
1980-81	1610612754	9206	110.91566265060241	83
1980-81	1610612755	11102	108.84313725490196	102
1980-81	1610612756	10134	111.36263736263736	91
1980-81	1610612757	8906	106.02380952380952	84
1980-81	1610612758	9149	106.38372093023256	86
1980-81	1610612759	10070	115.74712643678161	87
1980-81	1610612760	10296	106.14432989690722	97
1980-81	1610612762	8426	102.7560975609756	82
1980-81	1610612764	9296	105.63636363636364	88
1980-81	1610612765	8518	103.8780487804878	82
1981-82	1610612737	7234	101.88732394366197	71
1981-82	1610612738	9826	107.97802197802197	91
1981-82	1610612739	7535	106.12676056338029	71
1981-82	1610612741	8448	106.9367088607595	79
1981-82	1610612742	7271	103.87142857142857	70
1981-82	1610612743	9147	123.60810810810811	74
1981-82	1610612744	7981	112.40845070422536	71
1981-82	1610612745	9834	103.51578947368421	95
1981-82	1610612746	7740	109.01408450704226	71
1981-82	1610612747	8385	111.8	75
1981-82	1610612749	8681	109.88607594936708	79
1981-82	1610612751	7518	105.88732394366197	71
1981-82	1610612752	8028	105.63157894736842	76
1981-82	1610612754	7853	104.70666666666666	75
1981-82	1610612755	9557	111.12790697674419	86
1981-82	1610612756	8227	106.84415584415585	77
1981-82	1610612757	8182	112.08219178082192	73
1981-82	1610612758	8820	103.76470588235294	85
1981-82	1610612759	8567	111.25974025974025	77
1981-82	1610612760	7520	104.44444444444444	72
1981-82	1610612762	7267	100.93055555555556	72
1981-82	1610612764	7581	105.29166666666667	72
1981-82	1610612765	7595	104.04109589041096	73
1982-83	1610612737	8636	101.6	85
1982-83	1610612738	10742	113.07368421052631	95
1982-83	1610612739	8295	101.15853658536585	82
1982-83	1610612741	9075	110.67073170731707	82
1982-83	1610612742	8744	107.95061728395062	81
1982-83	1610612743	10880	126.51162790697674	86
1982-83	1610612744	9202	109.54761904761905	84
1982-83	1610612745	8633	102.77380952380952	84
1982-83	1610612746	9279	109.16470588235295	85
1982-83	1610612747	11087	115.48958333333333	96
1982-83	1610612749	9928	109.0989010989011	91
1982-83	1610612751	9095	107.0	85
1982-83	1610612752	8457	103.13414634146342	82
1982-83	1610612754	8398	103.67901234567901	81
1982-83	1610612755	11526	110.82692307692308	104
1982-83	1610612756	9684	106.41758241758242	91
1982-83	1610612757	9336	108.55813953488372	86
1982-83	1610612758	8813	110.1625	80
1982-83	1610612759	10752	112.0	96
1982-83	1610612760	9987	107.38709677419355	93
1982-83	1610612762	9597	112.90588235294118	85
1982-83	1610612764	9260	102.88888888888889	90
1982-83	1610612765	9448	112.47619047619048	84
1983-84	1610612737	8793	101.06896551724138	87
1983-84	1610612738	10051	110.45054945054945	91
1983-84	1610612739	8307	98.89285714285714	84
1983-84	1610612741	8470	107.21518987341773	79
1983-84	1610612742	9405	111.96428571428571	84
1983-84	1610612743	11348	123.34782608695652	92
1983-84	1610612744	9168	107.85882352941177	85
1983-84	1610612745	8749	104.1547619047619	84
1983-84	1610612746	8998	108.40963855421687	83
1983-84	1610612747	10829	113.98947368421052	95
1983-84	1610612749	9324	104.76404494382022	89
1983-84	1610612751	9197	108.2	85
1983-84	1610612752	9201	103.38202247191012	89
1983-84	1610612754	8693	107.32098765432099	81
1983-84	1610612755	10260	109.14893617021276	94
1983-84	1610612756	9310	109.52941176470588	85
1983-84	1610612757	9917	110.18888888888888	90
1983-84	1610612758	9491	112.98809523809524	84
1983-84	1610612759	10781	117.18478260869566	92
1983-84	1610612760	9007	109.84146341463415	82
1983-84	1610612762	9148	112.93827160493827	81
1983-84	1610612764	8302	101.2439024390244	82
1983-84	1610612765	9182	114.775	80
1984-85	1610612737	9152	104.0	88
1984-85	1610612738	11853	112.88571428571429	105
1984-85	1610612739	8169	103.40506329113924	79
1984-85	1610612741	9055	105.29069767441861	86
1984-85	1610612742	9956	108.21739130434783	92
1984-85	1610612743	10489	121.96511627906976	86
1984-85	1610612744	8609	108.9746835443038	79
1984-85	1610612745	9067	110.57317073170732	82
1984-85	1610612746	9026	108.74698795180723	83
1984-85	1610612747	12254	115.60377358490567	106
1984-85	1610612749	10741	106.34653465346534	101
1984-85	1610612751	10131	107.77659574468085	94
1984-85	1610612752	10368	106.88659793814433	97
1984-85	1610612754	8946	106.5	84
1984-85	1610612755	9708	109.07865168539325	89
1984-85	1610612756	10993	109.93	100
1984-85	1610612757	9597	112.90588235294118	85
1984-85	1610612758	9384	110.4	85
1984-85	1610612759	9870	120.36585365853658	82
1984-85	1610612760	9413	104.58888888888889	90
1984-85	1610612762	10453	111.20212765957447	94
1984-85	1610612764	9100	102.24719101123596	89
1984-85	1610612765	10176	115.63636363636364	88
1985-86	1610612737	8403	105.0375	80
1985-86	1610612738	11409	112.96039603960396	101
1985-86	1610612739	9950	110.55555555555556	90
1985-86	1610612741	9685	108.82022471910112	89
1985-86	1610612742	9711	114.24705882352941	85
1985-86	1610612743	11604	119.62886597938144	97
1985-86	1610612744	9595	111.56976744186046	86
1985-86	1610612745	10064	114.36363636363636	88
1985-86	1610612746	8773	108.30864197530865	81
1985-86	1610612747	12016	121.37373737373737	99
1985-86	1610612749	10393	114.20879120879121	91
1985-86	1610612751	9500	110.46511627906976	86
1985-86	1610612752	8118	101.475	80
1985-86	1610612754	8739	106.57317073170732	82
1985-86	1610612755	10638	110.8125	96
1985-86	1610612756	8875	108.23170731707317	82
1985-86	1610612757	10994	115.72631578947369	95
1985-86	1610612758	9473	112.77380952380952	84
1985-86	1610612759	9758	112.16091954022988	87
1985-86	1610612760	8479	103.40243902439025	82
1985-86	1610612762	10142	109.05376344086021	93
1985-86	1610612764	8810	104.88095238095238	84
1985-86	1610612765	10711	116.42391304347827	92
1986-87	1610612737	9776	111.0909090909091	88
1986-87	1610612738	11248	113.61616161616162	99
1986-87	1610612739	8360	105.82278481012658	79
1986-87	1610612741	8412	106.48101265822785	79
1986-87	1610612742	10549	115.92307692307692	91
1986-87	1610612743	10418	114.48351648351648	91
1986-87	1610612744	8974	113.59493670886076	79
1986-87	1610612745	10730	109.48979591836735	98
1986-87	1610612746	8345	106.98717948717949	78
1986-87	1610612747	10890	115.85106382978724	94
1986-87	1610612749	10219	111.07608695652173	92
1986-87	1610612751	8551	106.8875	80
1986-87	1610612752	7976	99.7	80
1986-87	1610612754	8451	104.33333333333333	81
1986-87	1610612755	10206	109.74193548387096	93
1986-87	1610612756	9174	110.53012048192771	83
1986-87	1610612757	9532	116.2439024390244	82
1986-87	1610612758	8889	108.40243902439025	82
1986-87	1610612759	8989	108.3012048192771	83
1986-87	1610612760	8396	107.64102564102564	78
1986-87	1610612762	8792	107.21951219512195	82
1986-87	1610612764	8889	103.36046511627907	86
1986-87	1610612765	8942	111.775	80
1987-88	1610612737	9791	107.5934065934066	91
1987-88	1610612738	11572	113.45098039215686	102
1987-88	1610612739	8335	104.1875	80
1987-88	1610612741	8815	104.94047619047619	84
1987-88	1610612742	9410	113.37349397590361	83
1987-88	1610612743	9565	116.64634146341463	82
1987-88	1610612744	9352	110.02352941176471	85
1987-88	1610612745	9662	107.35555555555555	90
1987-88	1610612746	8027	102.91025641025641	78
1987-88	1610612747	11493	117.27551020408163	98
1987-88	1610612749	9881	111.02247191011236	89
1987-88	1610612751	8585	107.3125	80
1987-88	1610612752	8304	105.11392405063292	79
1987-88	1610612754	8806	106.09638554216868	83
1987-88	1610612755	8666	105.6829268292683	82
1987-88	1610612756	8495	110.32467532467533	77
1987-88	1610612757	9604	117.1219512195122	82
1987-88	1610612758	9165	111.76829268292683	82
1987-88	1610612759	8655	112.40259740259741	77
1987-88	1610612760	10764	112.125	96
1987-88	1610612762	9190	106.86046511627907	86
1987-88	1610612764	8543	105.46913580246914	81
1987-88	1610612765	10718	112.82105263157895	95
1988-89	1610612737	10397	109.4421052631579	95
1988-89	1610612738	11068	110.68	100
1988-89	1610612739	9131	106.17441860465117	86
1988-89	1610612741	9642	104.80434782608695	92
1988-89	1610612742	10901	109.01	100
1988-89	1610612743	11149	118.6063829787234	94
1988-89	1610612744	8972	108.09638554216868	83
1988-89	1610612745	9847	110.64044943820225	89
1988-89	1610612746	8744	101.67441860465117	86
1988-89	1610612747	12098	110.9908256880734	109
1988-89	1610612748	2552	94.51851851851852	27
1988-89	1610612749	9369	106.4659090909091	88
1988-89	1610612751	8653	101.8	85
1988-89	1610612752	9598	110.32183908045977	87
1988-89	1610612754	8644	104.144578313253	83
1988-89	1610612755	9365	108.8953488372093	86
1988-89	1610612756	9340	111.19047619047619	84
1988-89	1610612757	9845	114.47674418604652	86
1988-89	1610612758	8282	104.83544303797468	79
1988-89	1610612759	9656	110.98850574712644	87
1988-89	1610612760	9607	113.02352941176471	85
1988-89	1610612762	10102	107.46808510638297	94
1988-89	1610612764	9265	105.2840909090909	88
1988-89	1610612765	11266	104.31481481481481	108
1988-89	1610612766	2784	103.11111111111111	27
1989-90	1610612737	9474	110.16279069767442	86
1989-90	1610612738	9299	108.12790697674419	86
1989-90	1610612739	9199	104.5340909090909	88
1989-90	1610612741	10622	106.22	100
1989-90	1610612742	8534	101.5952380952381	84
1989-90	1610612743	9881	114.8953488372093	86
1989-90	1610612744	10758	116.93478260869566	92
1989-90	1610612745	9227	106.05747126436782	87
1989-90	1610612746	8415	105.1875	80
1989-90	1610612747	10700	112.63157894736842	95
1989-90	1610612748	8372	98.49411764705883	85
1989-90	1610612749	9950	106.98924731182795	93
1989-90	1610612750	2784	96.0	29
1989-90	1610612751	8160	100.74074074074075	81
1989-90	1610612752	10250	113.88888888888889	90
1989-90	1610612753	3151	108.65517241379311	29
1989-90	1610612754	8945	107.7710843373494	83
1989-90	1610612755	9152	108.95238095238095	84
1989-90	1610612756	10813	117.53260869565217	92
1989-90	1610612757	9871	113.45977011494253	87
1989-90	1610612758	8915	106.13095238095238	84
1989-90	1610612759	8506	105.01234567901234	81
1989-90	1610612760	9925	110.27777777777777	90
1989-90	1610612762	8824	105.04761904761905	84
1989-90	1610612764	9058	107.83333333333333	84
1989-90	1610612765	10595	104.9009900990099	101
1989-90	1610612766	8295	102.4074074074074	81
1990-91	1610612737	8982	108.21686746987952	83
1990-91	1610612738	9884	113.60919540229885	87
1990-91	1610612739	9264	104.08988764044943	89
1990-91	1610612741	10808	109.17171717171718	99
1990-91	1610612742	8453	101.8433734939759	83
1990-91	1610612743	9992	117.55294117647058	85
1990-91	1610612744	9827	118.39759036144578	83
1990-91	1610612745	9123	107.32941176470588	85
1990-91	1610612746	8722	102.61176470588235	85
1990-91	1610612747	9889	109.87777777777778	90
1990-91	1610612748	8288	102.32098765432099	81
1990-91	1610612749	9306	106.96551724137932	87
1990-91	1610612750	7530	94.125	80
1990-91	1610612751	8427	102.76829268292683	82
1990-91	1610612752	9668	105.08695652173913	92
1990-91	1610612753	9109	109.74698795180723	83
1990-91	1610612754	9346	108.67441860465117	86
1990-91	1610612755	10231	110.01075268817205	93
1990-91	1610612756	11571	115.71	100
1990-91	1610612757	12063	114.88571428571429	105
1990-91	1610612758	8144	99.3170731707317	82
1990-91	1610612759	9908	108.87912087912088	91
1990-91	1610612760	8768	105.63855421686748	83
1990-91	1610612762	9347	106.2159090909091	88
1990-91	1610612764	8801	107.32926829268293	82
1990-91	1610612765	10671	103.60194174757281	103
1990-91	1610612766	8616	103.80722891566265	83
1991-92	1610612737	9379	107.80459770114942	87
1991-92	1610612738	10302	109.59574468085107	94
1991-92	1610612739	8444	104.24691358024691	81
1991-92	1610612741	10677	108.94897959183673	98
1991-92	1610612742	8467	99.61176470588235	85
1991-92	1610612743	8969	110.72839506172839	81
1991-92	1610612744	10440	116.0	90
1991-92	1610612745	8843	104.03529411764706	85
1991-92	1610612746	8694	103.5	84
1991-92	1610612747	10788	103.73076923076923	104
1991-92	1610612748	8500	102.40963855421687	83
1991-92	1610612749	8931	106.32142857142857	84
1991-92	1610612750	8253	100.64634146341463	82
1991-92	1610612751	8584	103.42168674698796	83
1991-92	1610612752	8611	102.51190476190476	84
1991-92	1610612753	8406	103.77777777777777	81
1991-92	1610612754	10007	113.7159090909091	88
1991-92	1610612755	9270	103.0	90
1991-92	1610612756	9686	110.06818181818181	88
1991-92	1610612757	10608	110.5	96
1991-92	1610612758	8167	98.39759036144578	83
1991-92	1610612759	9394	104.37777777777778	90
1991-92	1610612760	9289	105.55681818181819	88
1991-92	1610612762	9802	105.39784946236558	93
1991-92	1610612764	8362	100.74698795180723	83
1991-92	1610612765	9724	100.24742268041237	97
1991-92	1610612766	8890	103.37209302325581	86
1992-93	1610612737	8571	105.81481481481481	81
1992-93	1610612738	9629	104.66304347826087	92
1992-93	1610612739	10750	107.5	100
1992-93	1610612741	10993	105.70192307692308	104
1992-93	1610612742	7536	97.87012987012987	77
1992-93	1610612743	8067	100.8375	80
1992-93	1610612744	10243	117.73563218390805	87
1992-93	1610612745	7991	102.44871794871794	78
1992-93	1610612746	8752	105.44578313253012	83
1992-93	1610612747	8465	101.98795180722891	83
1992-93	1610612748	8471	104.58024691358025	81
1992-93	1610612749	8204	102.55	80
1992-93	1610612750	8016	101.46835443037975	79
1992-93	1610612751	8956	105.36470588235294	85
1992-93	1610612752	9372	98.65263157894736	95
1992-93	1610612753	8036	104.36363636363636	77
1992-93	1610612754	9161	110.37349397590361	83
1992-93	1610612755	8077	103.55128205128206	78
1992-93	1610612756	9814	114.11627906976744	86
1992-93	1610612757	10986	110.96969696969697	99
1992-93	1610612758	8511	106.3875	80
1992-93	1610612759	8663	105.64634146341463	82
1992-93	1610612760	9629	108.19101123595506	89
1992-93	1610612762	9976	107.26881720430107	93
1992-93	1610612764	8355	103.14814814814815	81
1992-93	1610612765	8064	97.1566265060241	83
1992-93	1610612766	8629	110.62820512820512	78
1993-94	1610612737	8917	106.1547619047619	84
1993-94	1610612738	8860	103.02325581395348	86
1993-94	1610612739	9240	103.82022471910112	89
1993-94	1610612741	10342	103.42	100
1993-94	1610612742	8145	96.96428571428571	84
1993-94	1610612743	8618	103.83132530120481	83
1993-94	1610612744	8536	105.38271604938272	81
1993-94	1610612745	9986	102.94845360824742	97
1993-94	1610612746	9035	103.85057471264368	87
1993-94	1610612747	9093	102.1685393258427	89
1993-94	1610612748	8383	103.49382716049382	81
1993-94	1610612749	8422	100.26190476190476	84
1993-94	1610612750	8396	97.62790697674419	86
1993-94	1610612751	8654	100.62790697674419	86
1993-94	1610612752	9641	101.48421052631579	95
1993-94	1610612753	8952	104.09302325581395	86
1993-94	1610612754	8800	104.76190476190476	84
1993-94	1610612755	8472	100.85714285714286	84
1993-94	1610612756	11837	110.62616822429906	107
1993-94	1610612757	9498	106.71910112359551	89
1993-94	1610612758	8818	106.24096385542168	83
1993-94	1610612759	9655	101.63157894736842	95
1993-94	1610612760	10633	106.33	100
1993-94	1610612762	9205	103.42696629213484	89
1993-94	1610612764	8235	100.42682926829268	82
1993-94	1610612765	8278	99.73493975903614	83
1993-94	1610612766	9995	108.6413043478261	92
1994-95	1610612737	9418	98.10416666666667	96
1994-95	1610612738	8189	101.09876543209876	81
1994-95	1610612739	8473	98.52325581395348	86
1994-95	1610612741	9135	98.2258064516129	93
1994-95	1610612742	8030	99.1358024691358	81
1994-95	1610612743	9509	101.15957446808511	94
1994-95	1610612744	9375	110.29411764705883	85
1994-95	1610612745	10476	100.73076923076923	104
1994-95	1610612746	8458	100.69047619047619	84
1994-95	1610612747	8203	102.5375	80
1994-95	1610612748	9145	102.75280898876404	89
1994-95	1610612749	7969	98.38271604938272	81
1994-95	1610612750	7612	95.15	80
1994-95	1610612751	9206	102.28888888888889	90
1994-95	1610612752	10503	96.35779816513761	109
1994-95	1610612753	9337	108.56976744186046	86
1994-95	1610612754	9717	99.15306122448979	98
1994-95	1610612755	8139	98.06024096385542	83
1994-95	1610612756	10185	108.35106382978724	94
1994-95	1610612757	8932	106.33333333333333	84
1994-95	1610612758	8209	100.10975609756098	82
1994-95	1610612759	8460	103.17073170731707	82
1994-95	1610612760	9408	105.70786516853933	89
1994-95	1610612762	9972	101.75510204081633	98
1994-95	1610612764	8020	100.25	80
1994-95	1610612765	7940	98.0246913580247	81
1994-95	1610612766	8558	104.36585365853658	82
1995-96	1610612737	8298	98.78571428571429	84
1995-96	1610612738	8840	102.79069767441861	86
1995-96	1610612739	7653	90.03529411764706	85
1995-96	1610612741	9446	102.67391304347827	92
1995-96	1610612742	8510	101.30952380952381	84
1995-96	1610612743	8666	99.60919540229885	87
1995-96	1610612744	8817	104.96428571428571	84
1995-96	1610612745	11231	104.96261682242991	107
1995-96	1610612746	8187	98.63855421686748	83
1995-96	1610612747	9940	102.47422680412372	97
1995-96	1610612748	8183	98.59036144578313	83
1995-96	1610612749	8037	98.01219512195122	82
1995-96	1610612750	8000	96.3855421686747	83
1995-96	1610612751	7513	96.32051282051282	78
1995-96	1610612752	9220	98.08510638297872	94
1995-96	1610612753	10925	106.06796116504854	103
1995-96	1610612754	9955	99.55	100
1995-96	1610612755	7705	95.12345679012346	81
1995-96	1610612756	9904	108.83516483516483	91
1995-96	1610612757	9065	103.01136363636364	88
1995-96	1610612758	8031	99.14814814814815	81
1995-96	1610612759	10360	104.64646464646465	99
1995-96	1610612760	9500	109.19540229885058	87
1995-96	1610612761	2938	97.93333333333334	30
1995-96	1610612762	9297	105.64772727272727	88
1995-96	1610612763	2720	90.66666666666667	30
1995-96	1610612764	8628	102.71428571428571	84
1995-96	1610612765	8282	97.43529411764706	85
1995-96	1610612766	8886	100.97727272727273	88
1996-97	1610612737	8595	94.45054945054945	91
1996-97	1610612738	8136	100.44444444444444	81
1996-97	1610612739	7835	90.05747126436782	87
1996-97	1610612741	10568	102.60194174757281	103
1996-97	1610612742	8252	100.63414634146342	82
1996-97	1610612743	7951	95.79518072289157	83
1996-97	1610612744	8151	99.40243902439025	82
1996-97	1610612745	9088	100.97777777777777	90
1996-97	1610612746	7934	96.7560975609756	82
1996-97	1610612747	8730	101.51162790697674	86
1996-97	1610612748	8261	94.95402298850574	87
1996-97	1610612749	8071	96.08333333333333	84
1996-97	1610612750	8147	95.84705882352941	85
1996-97	1610612751	7684	93.70731707317073	82
1996-97	1610612752	8620	94.72527472527473	91
1996-97	1610612753	9036	99.2967032967033	91
1996-97	1610612754	8485	96.42045454545455	88
1996-97	1610612755	7846	94.53012048192771	83
1996-97	1610612756	8940	101.5909090909091	88
1996-97	1610612757	8652	97.21348314606742	89
1996-97	1610612758	8766	96.32967032967034	91
1996-97	1610612759	9013	97.96739130434783	92
1996-97	1610612760	10834	101.25233644859813	107
1996-97	1610612761	7707	95.14814814814815	81
1996-97	1610612762	9995	99.95	100
1996-97	1610612763	7362	88.6987951807229	83
1996-97	1610612764	8251	99.40963855421687	83
1996-97	1610612765	8003	94.15294117647059	85
1996-97	1610612766	7994	98.69135802469135	81
1997-98	1610612737	8902	94.70212765957447	94
1997-98	1610612738	8328	100.33734939759036	83
1997-98	1610612739	7110	87.77777777777777	81
1997-98	1610612741	9838	98.38	100
1997-98	1610612742	7569	89.04705882352941	85
1997-98	1610612743	7682	96.025	80
1997-98	1610612744	7772	95.95061728395062	81
1997-98	1610612745	9481	100.86170212765957	94
1997-98	1610612746	8316	97.83529411764705	85
1997-98	1610612747	9147	101.63333333333334	90
1997-98	1610612748	9273	94.62244897959184	98
1997-98	1610612749	7721	94.15853658536585	82
1997-98	1610612750	8282	98.5952380952381	84
1997-98	1610612751	8270	98.45238095238095	84
1997-98	1610612752	8655	94.07608695652173	92
1997-98	1610612753	8614	94.65934065934066	91
1997-98	1610612754	7986	96.21686746987952	83
1997-98	1610612755	8107	98.86585365853658	82
1997-98	1610612756	8820	103.76470588235294	85
1997-98	1610612757	8106	97.66265060240964	83
1997-98	1610612758	7888	96.1951219512195	82
1997-98	1610612759	7727	91.98809523809524	84
1997-98	1610612760	9316	101.26086956521739	92
1997-98	1610612761	7943	95.6987951807229	83
1997-98	1610612762	10388	100.85436893203884	103
1997-98	1610612763	7414	91.53086419753086	81
1997-98	1610612764	8735	99.26136363636364	88
1997-98	1610612765	8260	92.80898876404494	89
1997-98	1610612766	8526	100.30588235294118	85
1998-99	1610612737	5515	96.75438596491227	57
1998-99	1610612738	5190	96.11111111111111	54
1998-99	1610612739	5345	92.15517241379311	58
1998-99	1610612741	7088	97.0958904109589	73
1998-99	1610612742	4823	92.75	52
1998-99	1610612743	4785	88.61111111111111	54
1998-99	1610612744	4763	88.20370370370371	54
1998-99	1610612745	5870	96.22950819672131	61
1998-99	1610612746	5015	96.4423076923077	52
1998-99	1610612747	6796	104.55384615384615	65
1998-99	1610612748	5423	93.5	58
1998-99	1610612749	5029	94.88679245283019	53
1998-99	1610612750	5837	100.63793103448276	58
1998-99	1610612751	5611	100.19642857142857	56
1998-99	1610612752	5732	90.98412698412699	63
1998-99	1610612753	4649	89.40384615384616	52
1998-99	1610612754	6566	95.15942028985508	69
1998-99	1610612755	5084	94.14814814814815	54
1998-99	1610612756	5810	98.47457627118644	59
1998-99	1610612757	5457	94.08620689655173	58
1998-99	1610612758	4759	93.31372549019608	51
1998-99	1610612759	5682	91.64516129032258	62
1998-99	1610612760	6152	99.2258064516129	62
1998-99	1610612761	5016	96.46153846153847	52
1998-99	1610612762	7145	99.23611111111111	72
1998-99	1610612763	5102	98.11538461538461	52
1998-99	1610612764	4855	97.1	50
1998-99	1610612765	4902	96.11764705882354	51
1998-99	1610612766	5852	94.38709677419355	62
1999-00	1610612737	7928	90.0909090909091	88
1999-00	1610612738	7378	94.58974358974359	78
1999-00	1610612739	7187	90.9746835443038	79
1999-00	1610612741	6374	82.77922077922078	77
1999-00	1610612742	7611	95.1375	80
1999-00	1610612743	7421	95.14102564102564	78
1999-00	1610612744	7161	90.64556962025317	79
1999-00	1610612745	8038	95.69047619047619	84
1999-00	1610612746	7170	90.75949367088607	79
1999-00	1610612747	8623	97.98863636363636	88
1999-00	1610612748	7576	91.27710843373494	83
1999-00	1610612749	7911	95.3132530120482	83
1999-00	1610612750	7577	93.54320987654322	81
1999-00	1610612751	7435	92.9375	80
1999-00	1610612752	8761	87.61	100
1999-00	1610612753	7783	93.7710843373494	83
1999-00	1610612754	8905	96.79347826086956	92
1999-00	1610612755	8106	90.06666666666666	90
1999-00	1610612756	7991	97.45121951219512	82
1999-00	1610612757	8661	94.1413043478261	92
1999-00	1610612758	8310	101.34146341463415	82
1999-00	1610612759	9106	92.91836734693878	98
1999-00	1610612760	7725	96.5625	80
1999-00	1610612761	7405	93.73417721518987	79
1999-00	1610612762	8281	93.04494382022472	89
1999-00	1610612763	7125	90.18987341772151	79
1999-00	1610612764	7336	91.7	80
1999-00	1610612765	7912	94.19047619047619	84
1999-00	1610612766	7596	96.15189873417721	79
2000-01	1610612737	7437	89.60240963855422	83
2000-01	1610612738	8260	98.33333333333333	84
2000-01	1610612739	7650	94.44444444444444	81
2000-01	1610612741	7207	84.78823529411764	85
2000-01	1610612742	8419	100.22619047619048	84
2000-01	1610612743	8405	98.88235294117646	85
2000-01	1610612744	7964	95.95180722891567	83
2000-01	1610612745	7954	98.19753086419753	81
2000-01	1610612746	7696	91.61904761904762	84
2000-01	1610612747	10901	101.8785046728972	107
2000-01	1610612748	8656	90.16666666666667	96
2000-01	1610612749	8567	99.61627906976744	86
2000-01	1610612750	8787	97.63333333333334	90
2000-01	1610612751	7789	94.98780487804878	82
2000-01	1610612752	8850	89.39393939393939	99
2000-01	1610612753	8072	97.25301204819277	83
2000-01	1610612754	10489	98.02803738317758	107
2000-01	1610612755	8533	95.87640449438203	89
2000-01	1610612756	8587	95.41111111111111	90
2000-01	1610612757	9646	96.46	100
2000-01	1610612758	9011	102.39772727272727	88
2000-01	1610612759	8064	94.87058823529412	85
2000-01	1610612760	8665	98.4659090909091	88
2000-01	1610612761	8205	95.40697674418605	86
2000-01	1610612762	9173	96.5578947368421	95
2000-01	1610612763	7708	92.86746987951807	83
2000-01	1610612764	7916	95.37349397590361	83
2000-01	1610612765	8681	99.7816091954023	87
2000-01	1610612766	8328	94.63636363636364	88
2001-02	1610612737	7682	93.6829268292683	82
2001-02	1610612738	7695	95.0	81
2001-02	1610612739	7751	92.27380952380952	84
2001-02	1610612741	7078	87.38271604938272	81
2001-02	1610612742	9119	101.32222222222222	90
2001-02	1610612743	7591	94.8875	80
2001-02	1610612744	7526	91.78048780487805	82
2001-02	1610612745	8043	95.75	84
2001-02	1610612746	7575	94.6875	80
2001-02	1610612747	9354	100.58064516129032	93
2001-02	1610612748	7118	86.8048780487805	82
2001-02	1610612749	9867	99.66666666666667	99
2001-02	1610612750	8272	98.47619047619048	84
2001-02	1610612751	7701	95.07407407407408	81
2001-02	1610612752	7712	89.67441860465117	86
2001-02	1610612753	8767	99.625	88
2001-02	1610612754	8294	94.25	88
2001-02	1610612755	9771	92.17924528301887	106
2001-02	1610612756	8512	95.64044943820225	89
2001-02	1610612757	7829	94.32530120481928	83
2001-02	1610612758	9604	102.17021276595744	94
2001-02	1610612759	9094	97.78494623655914	93
2001-02	1610612760	7975	97.2560975609756	82
2001-02	1610612761	9055	96.32978723404256	94
2001-02	1610612762	8386	96.39080459770115	87
2001-02	1610612763	7537	91.91463414634147	82
2001-02	1610612764	7618	94.04938271604938	81
2001-02	1610612765	7510	95.0632911392405	79
2001-02	1610612766	8468	93.05494505494505	91
2002-03	1610612737	7693	93.8170731707317	82
2002-03	1610612738	9550	95.5	100
2002-03	1610612739	8036	94.54117647058824	85
2002-03	1610612740	3100	93.93939393939394	33
2002-03	1610612741	7804	92.9047619047619	84
2002-03	1610612742	9502	105.57777777777778	90
2002-03	1610612743	7265	87.53012048192771	83
2002-03	1610612744	8157	99.47560975609755	82
2002-03	1610612745	7527	92.92592592592592	81
2002-03	1610612746	7895	93.98809523809524	84
2002-03	1610612747	10496	99.01886792452831	106
2002-03	1610612748	7306	88.02409638554217	83
2002-03	1610612749	8354	98.28235294117647	85
2002-03	1610612750	8495	97.64367816091954	87
2002-03	1610612751	10185	97.0	105
2002-03	1610612752	7335	92.84810126582279	79
2002-03	1610612753	8656	99.49425287356321	87
2002-03	1610612754	8214	96.63529411764706	85
2002-03	1610612755	8196	93.13636363636364	88
2002-03	1610612756	7544	92.0	82
2002-03	1610612757	8257	96.01162790697674	86
2002-03	1610612758	10131	103.37755102040816	98
2002-03	1610612759	8965	93.38541666666667	96
2002-03	1610612760	8270	95.05747126436782	87
2002-03	1610612761	7903	89.80681818181819	88
2002-03	1610612762	8088	95.15294117647059	85
2002-03	1610612763	7593	91.48192771084338	83
2002-03	1610612764	7681	92.5421686746988	83
2002-03	1610612765	8620	91.70212765957447	94
2002-03	1610612766	5750	94.26229508196721	61
2003-04	1610612737	7965	92.61627906976744	86
2003-04	1610612738	8795	92.57894736842105	95
2003-04	1610612739	7608	91.66265060240964	83
2003-04	1610612740	8237	93.60227272727273	88
2003-04	1610612741	7728	93.10843373493977	83
2003-04	1610612742	10676	102.65384615384616	104
2003-04	1610612743	7616	90.66666666666667	84
2003-04	1610612744	8212	100.14634146341463	82
2003-04	1610612745	7768	91.38823529411765	85
2003-04	1610612746	7639	95.4875	80
2003-04	1610612747	9237	102.63333333333334	90
2003-04	1610612748	7269	85.51764705882353	85
2003-04	1610612749	8700	97.75280898876404	89
2003-04	1610612750	8517	97.89655172413794	87
2003-04	1610612751	9378	91.94117647058823	102
2003-04	1610612752	8400	94.38202247191012	89
2003-04	1610612753	8583	95.36666666666666	90
2003-04	1610612754	8445	92.8021978021978	91
2003-04	1610612755	9052	94.29166666666667	96
2003-04	1610612756	8622	95.8	90
2003-04	1610612757	8557	95.07777777777778	90
2003-04	1610612758	9572	104.04347826086956	92
2003-04	1610612759	10073	95.02830188679245	106
2003-04	1610612760	7546	93.1604938271605	81
2003-04	1610612761	7342	89.53658536585365	82
2003-04	1610612762	8311	93.38202247191012	89
2003-04	1610612763	8215	97.79761904761905	84
2003-04	1610612764	7422	90.51219512195122	82
2003-04	1610612765	9365	90.92233009708738	103
2004-05	1610612737	7300	92.40506329113924	79
2004-05	1610612738	8233	96.85882352941177	85
2004-05	1610612739	7704	95.11111111111111	81
2004-05	1610612740	7782	88.43181818181819	88
2004-05	1610612741	7191	89.8875	80
2004-05	1610612742	9353	103.92222222222222	90
2004-05	1610612743	8544	96.0	89
2004-05	1610612744	7881	93.82142857142857	84
2004-05	1610612745	7958	90.43181818181819	88
2004-05	1610612746	8088	94.04651162790698	86
2004-05	1610612747	9913	95.3173076923077	104
2004-05	1610612748	9177	94.6082474226804	97
2004-05	1610612749	8203	97.6547619047619	84
2004-05	1610612750	9628	95.32673267326733	101
2004-05	1610612751	8398	89.34042553191489	94
2004-05	1610612752	8119	94.40697674418605	86
2004-05	1610612753	7727	97.81012658227849	79
2004-05	1610612754	8996	91.79591836734694	98
2004-05	1610612755	7393	91.27160493827161	81
2004-05	1610612756	8198	99.97560975609755	82
2004-05	1610612757	7510	90.48192771084338	83
2004-05	1610612758	9681	100.84375	96
2004-05	1610612759	8805	93.67021276595744	94
2004-05	1610612760	8276	98.52380952380952	84
2004-05	1610612761	7827	89.96551724137932	87
2004-05	1610612762	7642	89.90588235294118	85
2004-05	1610612763	8312	95.54022988505747	87
2004-05	1610612764	8060	95.95238095238095	84
2004-05	1610612765	9431	89.81904761904762	105
2004-05	1610612766	2659	91.6896551724138	29
2005-06	1610612737	8410	94.49438202247191	89
2005-06	1610612738	9595	98.91752577319588	97
2005-06	1610612739	8728	98.06741573033707	89
2005-06	1610612740	8145	90.5	90
2005-06	1610612741	9523	96.1919191919192	99
2005-06	1610612742	10583	101.75961538461539	104
2005-06	1610612743	9743	100.44329896907216	97
2005-06	1610612744	9116	100.17582417582418	91
2005-06	1610612745	8853	94.18085106382979	94
2005-06	1610612746	8547	96.03370786516854	89
2005-06	1610612747	9027	98.1195652173913	92
2005-06	1610612748	10346	99.48076923076923	104
2005-06	1610612749	8888	97.67032967032966	91
2005-06	1610612750	8458	93.97777777777777	90
2005-06	1610612751	9022	94.96842105263158	95
2005-06	1610612752	8422	95.70454545454545	88
2005-06	1610612753	8379	95.2159090909091	88
2005-06	1610612754	9392	92.07843137254902	102
2005-06	1610612755	9599	99.98958333333333	96
2005-06	1610612756	11398	108.55238095238096	105
2005-06	1610612757	8384	91.1304347826087	92
2005-06	1610612758	9927	102.34020618556701	97
2005-06	1610612759	10815	95.70796460176992	113
2005-06	1610612760	9979	98.8019801980198	101
2005-06	1610612761	8729	99.19318181818181	88
2005-06	1610612762	8039	90.32584269662921	89
2005-06	1610612763	8449	92.84615384615384	91
2005-06	1610612764	9964	99.64	100
2005-06	1610612765	10916	94.92173913043479	115
2005-06	1610612766	8934	95.04255319148936	94
2006-07	1610612737	8814	96.85714285714286	91
2006-07	1610612738	8876	98.62222222222222	90
2006-07	1610612739	9698	94.15533980582525	103
2006-07	1610612740	8351	92.78888888888889	90
2006-07	1610612741	9751	99.5	98
2006-07	1610612742	11156	97.85964912280701	114
2006-07	1610612743	9396	103.25274725274726	91
2006-07	1610612744	9060	101.79775280898876	89
2006-07	1610612745	8516	92.56521739130434	92
2006-07	1610612746	9992	97.96078431372548	102
2006-07	1610612747	10061	101.62626262626263	99
2006-07	1610612748	10737	96.72972972972973	111
2006-07	1610612749	9844	99.43434343434343	99
2006-07	1610612750	8429	92.62637362637362	91
2006-07	1610612751	9777	94.92233009708738	103
2006-07	1610612752	9131	98.18279569892474	93
2006-07	1610612753	9144	96.25263157894737	95
2006-07	1610612754	9535	94.4059405940594	101
2006-07	1610612755	8401	96.5632183908046	87
2006-07	1610612756	11861	109.82407407407408	108
2006-07	1610612757	8409	91.40217391304348	92
2006-07	1610612758	9393	98.87368421052632	95
2006-07	1610612759	9724	97.24	100
2006-07	1610612760	9458	101.6989247311828	93
2006-07	1610612761	9149	101.65555555555555	90
2006-07	1610612762	8871	97.48351648351648	91
2006-07	1610612763	9012	92.90721649484536	97
2006-07	1610612764	10124	103.3061224489796	98
2006-07	1610612765	10401	95.42201834862385	109
2006-07	1610612766	8677	96.41111111111111	90
2007-08	1610612737	8437	94.79775280898876	89
2007-08	1610612738	8456	95.01123595505618	89
2007-08	1610612739	10415	94.68181818181819	110
2007-08	1610612740	8811	97.9	90
2007-08	1610612741	9241	95.26804123711341	97
2007-08	1610612742	9646	100.47916666666667	96
2007-08	1610612743	10071	104.90625	96
2007-08	1610612744	10551	107.66326530612245	98
2007-08	1610612745	9070	96.48936170212765	94
2007-08	1610612746	8390	95.3409090909091	88
2007-08	1610612747	9577	104.09782608695652	92
2007-08	1610612748	8754	94.12903225806451	93
2007-08	1610612749	8435	95.85227272727273	88
2007-08	1610612750	8615	95.72222222222223	90
2007-08	1610612751	9319	94.13131313131314	99
2007-08	1610612752	7796	95.07317073170732	82
2007-08	1610612753	9170	98.60215053763442	93
2007-08	1610612754	8858	99.52808988764045	89
2007-08	1610612755	8384	94.20224719101124	89
2007-08	1610612756	11124	109.05882352941177	102
2007-08	1610612757	8419	95.67045454545455	88
2007-08	1610612758	9005	100.05555555555556	90
2007-08	1610612759	10231	97.43809523809524	105
2007-08	1610612760	8700	98.86363636363636	88
2007-08	1610612761	9075	98.6413043478261	92
2007-08	1610612762	10968	101.55555555555556	108
2007-08	1610612763	8818	103.74117647058823	85
2007-08	1610612764	9115	100.16483516483517	91
2007-08	1610612765	10385	96.1574074074074	108
2007-08	1610612766	8404	96.59770114942529	87
2008-09	1610612737	9845	98.45	100
2008-09	1610612738	11865	98.875	120
2008-09	1610612739	9884	96.90196078431373	102
2008-09	1610612740	9798	99.9795918367347	98
2008-09	1610612741	9267	99.64516129032258	93
2008-09	1610612742	9497	99.96842105263158	95
2008-09	1610612743	10294	108.3578947368421	95
2008-09	1610612744	9748	109.52808988764045	89
2008-09	1610612745	9315	97.03125	96
2008-09	1610612746	8446	93.84444444444445	90
2008-09	1610612747	11750	106.81818181818181	110
2008-09	1610612748	8024	92.22988505747126	87
2008-09	1610612749	9005	96.82795698924731	93
2008-09	1610612750	8774	96.41758241758242	91
2008-09	1610612751	8861	98.45555555555555	90
2008-09	1610612752	9104	101.15555555555555	90
2008-09	1610612753	9962	102.70103092783505	97
2008-09	1610612754	9169	103.02247191011236	89
2008-09	1610612755	9183	96.66315789473684	95
2008-09	1610612756	9894	106.38709677419355	93
2008-09	1610612757	8687	96.52222222222223	90
2008-09	1610612758	9419	101.27956989247312	93
2008-09	1610612759	10187	94.32407407407408	108
2008-09	1610612760	8501	95.51685393258427	89
2008-09	1610612761	9260	99.56989247311827	93
2008-09	1610612762	10449	103.45544554455445	101
2008-09	1610612763	8995	97.77173913043478	92
2008-09	1610612764	9174	95.5625	96
2008-09	1610612765	9997	94.31132075471699	106
2008-09	1610612766	8877	95.45161290322581	93
2009-10	1610612737	9880	98.8	100
2009-10	1610612738	10268	100.66666666666667	102
2009-10	1610612739	10517	99.21698113207547	106
2009-10	1610612740	9299	95.8659793814433	97
2009-10	1610612741	9450	99.47368421052632	95
2009-10	1610612742	10201	102.01	100
2009-10	1610612743	11066	106.40384615384616	104
2009-10	1610612744	9525	109.48275862068965	87
2009-10	1610612745	10172	98.75728155339806	103
2009-10	1610612746	8683	96.47777777777777	90
2009-10	1610612747	11963	104.93859649122807	114
2009-10	1610612748	9323	97.11458333333333	96
2009-10	1610612749	8645	99.36781609195403	87
2009-10	1610612750	8987	97.68478260869566	92
2009-10	1610612751	8412	94.51685393258427	89
2009-10	1610612752	9295	103.27777777777777	90
2009-10	1610612753	11413	101.0	113
2009-10	1610612754	9205	103.42696629213484	89
2009-10	1610612755	9485	97.78350515463917	97
2009-10	1610612756	10274	111.67391304347827	92
2009-10	1610612757	9570	97.65306122448979	98
2009-10	1610612758	9087	103.26136363636364	88
2009-10	1610612759	9085	98.75	92
2009-10	1610612760	8662	98.43181818181819	88
2009-10	1610612761	9205	101.15384615384616	91
2009-10	1610612762	9568	102.88172043010752	93
2009-10	1610612763	8653	97.2247191011236	89
2009-10	1610612764	8781	97.56666666666666	90
2009-10	1610612765	8906	92.77083333333333	96
2009-10	1610612766	8262	93.88636363636364	88
2010-11	1610612737	10062	96.75	104
2010-11	1610612738	11138	97.70175438596492	114
2010-11	1610612739	9710	99.08163265306122	98
2010-11	1610612740	9088	97.72043010752688	93
2010-11	1610612741	9573	99.71875	96
2010-11	1610612742	9479	99.77894736842106	95
2010-11	1610612743	10144	106.77894736842106	95
2010-11	1610612744	9653	106.07692307692308	91
2010-11	1610612745	9252	103.95505617977528	89
2010-11	1610612746	8762	96.28571428571429	91
2010-11	1610612747	11552	101.33333333333333	114
2010-11	1610612748	9437	97.28865979381443	97
2010-11	1610612749	9196	94.80412371134021	97
2010-11	1610612750	9196	102.17777777777778	90
2010-11	1610612751	8391	93.23333333333333	90
2010-11	1610612752	9280	104.26966292134831	89
2010-11	1610612753	10569	100.65714285714286	105
2010-11	1610612754	8925	100.28089887640449	89
2010-11	1610612755	8765	97.38888888888889	90
2010-11	1610612756	11206	107.75	104
2010-11	1610612757	9148	97.31914893617021	94
2010-11	1610612758	8381	96.33333333333333	87
2010-11	1610612759	10153	101.53	100
2010-11	1610612760	9884	102.95833333333333	96
2010-11	1610612761	9214	103.52808988764045	89
2010-11	1610612762	10509	104.04950495049505	101
2010-11	1610612763	9096	101.06666666666666	90
2010-11	1610612764	8558	95.08888888888889	90
2010-11	1610612765	8706	95.67032967032966	91
2010-11	1610612766	8994	94.67368421052632	95
2011-12	1610612737	6011	92.47692307692307	65
2011-12	1610612738	6241	94.56060606060606	66
2011-12	1610612739	5301	96.38181818181818	55
2011-12	1610612740	5673	94.55	60
2011-12	1610612741	7076	96.93150684931507	73
2011-12	1610612742	7792	99.8974358974359	78
2011-12	1610612743	6655	107.33870967741936	62
2011-12	1610612744	5782	103.25	56
2011-12	1610612745	5878	104.96428571428571	56
2011-12	1610612746	5404	100.07407407407408	54
2011-12	1610612747	6491	98.34848484848484	66
2011-12	1610612748	7507	100.09333333333333	75
2011-12	1610612749	5299	92.96491228070175	57
2011-12	1610612750	5387	99.75925925925925	54
2011-12	1610612751	5174	94.07272727272728	55
2011-12	1610612752	6219	103.65	60
2011-12	1610612753	6017	98.63934426229508	61
2011-12	1610612754	6165	99.43548387096774	62
2011-12	1610612755	5982	99.7	60
2011-12	1610612756	5846	102.56140350877193	57
2011-12	1610612757	5813	96.88333333333334	60
2011-12	1610612758	5966	101.11864406779661	59
2011-12	1610612759	6268	101.09677419354838	62
2011-12	1610612760	7511	104.31944444444444	72
2011-12	1610612761	5319	96.7090909090909	55
2011-12	1610612762	5400	98.18181818181819	55
2011-12	1610612763	6748	99.23529411764706	68
2011-12	1610612764	5419	96.76785714285714	56
2011-12	1610612765	5330	96.9090909090909	55
2011-12	1610612766	5203	92.91071428571429	56
2012-13	1610612737	9999	96.14423076923077	104
2012-13	1610612738	10912	92.47457627118644	118
2012-13	1610612739	9408	93.14851485148515	101
2012-13	1610612740	9079	89.89108910891089	101
2012-13	1610612741	9774	93.98076923076923	104
2012-13	1610612742	9928	96.3883495145631	103
2012-13	1610612743	11040	102.22222222222223	108
2012-13	1610612744	9906	99.06	100
2012-13	1610612745	10094	100.94	100
2012-13	1610612746	11076	98.01769911504425	113
2012-13	1610612747	10861	97.84684684684684	111
2012-13	1610612748	12060	98.85245901639344	122
2012-13	1610612749	9776	97.76	100
2012-13	1610612750	9283	96.69791666666667	96
2012-13	1610612751	9306	94.0	99
2012-13	1610612752	10139	98.4368932038835	103
2012-13	1610612753	9920	93.58490566037736	106
2012-13	1610612754	10568	95.2072072072072	111
2012-13	1610612755	10489	92.82300884955752	113
2012-13	1610612756	9931	98.32673267326733	101
2012-13	1610612757	9598	96.94949494949495	99
2012-13	1610612758	9744	98.42424242424242	99
2012-13	1610612759	11962	104.01739130434783	115
2012-13	1610612760	12193	103.33050847457628	118
2012-13	1610612761	9325	93.25	100
2012-13	1610612762	10506	99.11320754716981	106
2012-13	1610612763	9968	94.93333333333334	105
2012-13	1610612764	9182	92.74747474747475	99
2012-13	1610612765	9502	92.25242718446601	103
2012-13	1610612766	9138	89.58823529411765	102
2013-14	1610612737	9641	98.37755102040816	98
2013-14	1610612738	9138	95.1875	96
2013-14	1610612739	8628	96.9438202247191	89
2013-14	1610612740	8760	98.42696629213484	89
2013-14	1610612741	9578	92.99029126213593	103
2013-14	1610612742	9195	102.16666666666667	90
2013-14	1610612743	9700	104.3010752688172	93
2013-14	1610612744	10427	101.23300970873787	103
2013-14	1610612745	10347	105.58163265306122	98
2013-14	1610612746	9922	101.24489795918367	98
2013-14	1610612747	9570	99.6875	96
2013-14	1610612748	11670	101.47826086956522	115
2013-14	1610612749	9085	96.64893617021276	94
2013-14	1610612750	9183	99.81521739130434	92
2013-14	1610612751	9421	98.13541666666667	96
2013-14	1610612752	9703	96.06930693069307	101
2013-14	1610612753	8596	95.5111111111111	90
2013-14	1610612754	10289	96.1588785046729	107
2013-14	1610612755	8404	96.59770114942529	87
2013-14	1610612756	8382	97.46511627906976	86
2013-14	1610612757	9315	101.25	92
2013-14	1610612758	9025	101.40449438202248	89
2013-14	1610612759	11014	101.98148148148148	108
2013-14	1610612760	10423	104.23	100
2013-14	1610612761	8569	98.49425287356321	87
2013-14	1610612762	8772	95.34782608695652	92
2013-14	1610612763	9879	93.19811320754717	106
2013-14	1610612764	8610	96.74157303370787	89
2013-14	1610612765	8598	96.6067415730337	89
2013-14	1610612766	8382	92.10989010989012	91
2014-15	1610612737	9500	100.0	95
2014-15	1610612738	8729	99.19318181818181	88
2014-15	1610612739	8946	100.51685393258427	89
2014-15	1610612740	9129	99.22826086956522	92
2014-15	1610612741	9458	97.50515463917526	97
2014-15	1610612742	10538	106.44444444444444	99
2014-15	1610612743	9592	104.26086956521739	92
2014-15	1610612744	10029	106.69148936170212	94
2014-15	1610612745	9817	105.55913978494624	93
2014-15	1610612746	11105	107.81553398058253	103
2014-15	1610612747	9314	103.4888888888889	90
2014-15	1610612748	11041	98.58035714285714	112
2014-15	1610612749	8901	97.81318681318682	91
2014-15	1610612750	9174	104.25	88
2014-15	1610612751	9726	98.24242424242425	99
2014-15	1610612752	9075	97.58064516129032	93
2014-15	1610612753	8863	95.3010752688172	93
2014-15	1610612754	10508	94.66666666666667	111
2014-15	1610612755	8541	94.9	90
2014-15	1610612756	9773	106.22826086956522	92
2014-15	1610612757	10442	104.42	100
2014-15	1610612758	9101	101.12222222222222	90
2014-15	1610612759	11724	104.67857142857143	112
2014-15	1610612760	11345	103.13636363636364	110
2014-15	1610612761	10248	103.51515151515152	99
2014-15	1610612762	8534	96.97727272727273	88
2014-15	1610612763	9558	98.5360824742268	97
2014-15	1610612764	10191	98.94174757281553	103
2014-15	1610612765	8662	99.5632183908046	87
2014-15	1610612766	9252	97.38947368421053	95
2015-16	1610612737	10930	101.20370370370371	108
2015-16	1610612738	9489	100.94680851063829	94
2015-16	1610612739	10840	101.30841121495327	107
2015-16	1610612740	9276	99.74193548387096	93
2015-16	1610612741	9981	99.81	100
2015-16	1610612742	9459	101.70967741935483	93
2015-16	1610612743	9036	100.4	90
2015-16	1610612744	12316	109.96428571428571	112
2015-16	1610612745	11633	105.75454545454545	110
2015-16	1610612746	10850	105.33980582524272	103
2015-16	1610612747	8652	96.13333333333334	90
2015-16	1610612748	8414	95.61363636363636	88
2015-16	1610612749	9207	96.91578947368421	95
2015-16	1610612750	9035	98.20652173913044	92
2015-16	1610612751	9211	97.98936170212765	94
2015-16	1610612752	8057	93.68604651162791	86
2015-16	1610612753	8498	98.81395348837209	86
2015-16	1610612754	8854	100.61363636363636	88
2015-16	1610612755	8639	92.89247311827957	93
2015-16	1610612756	8991	101.02247191011236	89
2015-16	1610612757	9736	101.41666666666667	96
2015-16	1610612758	8991	102.17045454545455	88
2015-16	1610612759	9744	102.56842105263158	95
2015-16	1610612760	9362	107.60919540229885	87
2015-16	1610612761	9409	100.09574468085107	94
2015-16	1610612762	8412	95.5909090909091	88
2015-16	1610612763	9744	95.52941176470588	102
2015-16	1610612764	9681	99.80412371134021	97
2015-16	1610612765	9272	100.78260869565217	92
2015-16	1610612766	8545	97.10227272727273	88
2016-17	1610612737	10016	102.20408163265306	98
2016-17	1610612738	10276	105.9381443298969	97
2016-17	1610612739	11925	107.43243243243244	111
2016-17	1610612740	9403	103.32967032967034	91
2016-17	1610612741	9451	101.6236559139785	93
2016-17	1610612742	9476	98.70833333333333	96
2016-17	1610612743	9484	105.37777777777778	90
2016-17	1610612744	13123	114.11304347826086	115
2016-17	1610612745	10371	110.32978723404256	94
2016-17	1610612746	10101	105.21875	96
2016-17	1610612747	9378	100.83870967741936	93
2016-17	1610612748	10736	100.33644859813084	107
2016-17	1610612749	8701	101.17441860465117	86
2016-17	1610612750	9236	103.7752808988764	89
2016-17	1610612751	8981	102.05681818181819	88
2016-17	1610612752	8964	101.86363636363636	88
2016-17	1610612753	9186	100.94505494505495	91
2016-17	1610612754	9928	102.35051546391753	97
2016-17	1610612755	8686	99.83908045977012	87
2016-17	1610612756	8903	102.33333333333333	87
2016-17	1610612757	10616	107.23232323232324	99
2016-17	1610612758	9274	105.38636363636364	88
2016-17	1610612759	10095	104.0721649484536	97
2016-17	1610612760	11396	108.53333333333333	105
2016-17	1610612761	11146	104.16822429906541	107
2016-17	1610612762	8865	98.5	90
2016-17	1610612763	9363	99.6063829787234	94
2016-17	1610612764	9613	105.63736263736264	91
2016-17	1610612765	9408	100.08510638297872	94
2016-17	1610612766	10142	102.44444444444444	99
2017-18	1610612737	9948	103.625	96
2017-18	1610612738	11705	106.4090909090909	110
2017-18	1610612739	12049	110.54128440366972	109
2017-18	1610612740	9367	107.66666666666667	87
2017-18	1610612741	9819	102.28125	96
2017-18	1610612742	9251	100.55434782608695	92
2017-18	1610612743	9989	110.9888888888889	90
2017-18	1610612744	12270	115.75471698113208	106
2017-18	1610612745	11072	114.14432989690722	97
2017-18	1610612746	9925	106.72043010752688	93
2017-18	1610612747	9184	105.5632183908046	87
2017-18	1610612748	9323	103.58888888888889	90
2017-18	1610612749	9654	102.70212765957447	94
2017-18	1610612750	9565	107.47191011235955	89
2017-18	1610612751	9602	106.68888888888888	90
2017-18	1610612752	9294	103.26666666666667	90
2017-18	1610612753	9407	103.37362637362638	91
2017-18	1610612754	9779	106.29347826086956	92
2017-18	1610612755	9669	106.25274725274726	91
2017-18	1610612756	9664	107.37777777777778	90
2017-18	1610612757	9610	105.6043956043956	91
2017-18	1610612758	9107	100.07692307692308	91
2017-18	1610612759	11157	104.27102803738318	107
2017-18	1610612760	9771	105.06451612903226	93
2017-18	1610612761	10493	105.98989898989899	99
2017-18	1610612762	10052	101.53535353535354	99
2017-18	1610612763	9443	100.45744680851064	94
2017-18	1610612764	11340	109.03846153846153	104
2017-18	1610612765	8953	102.9080459770115	87
2017-18	1610612766	9295	104.43820224719101	89
2018-19	1610612737	9238	106.183908045977	87
2018-19	1610612738	10745	106.38613861386139	101
2018-19	1610612739	11565	106.10091743119266	109
2018-19	1610612740	11128	113.55102040816327	98
2018-19	1610612741	9048	102.81818181818181	88
2018-19	1610612742	8880	106.98795180722891	83
2018-19	1610612743	9337	111.1547619047619	84
2018-19	1610612744	12322	113.04587155963303	109
2018-19	1610612745	11379	109.41346153846153	104
2018-19	1610612746	9755	113.43023255813954	86
2018-19	1610612747	9975	110.83333333333333	90
2018-19	1610612748	9792	106.43478260869566	92
2018-19	1610612749	10469	111.37234042553192	94
2018-19	1610612750	10141	110.22826086956522	92
2018-19	1610612751	9493	107.875	88
2018-19	1610612752	9357	106.32954545454545	88
2018-19	1610612753	8703	102.38823529411765	85
2018-19	1610612754	9794	105.31182795698925	93
2018-19	1610612755	10763	112.11458333333333	96
2018-19	1610612756	8903	103.52325581395348	86
2018-19	1610612757	10207	109.75268817204301	93
2018-19	1610612758	9292	106.80459770114942	87
2018-19	1610612759	9942	106.90322580645162	93
2018-19	1610612760	10091	110.89010989010988	91
2018-19	1610612761	11220	112.2	100
2018-19	1610612762	10258	106.85416666666667	96
2018-19	1610612763	8688	101.02325581395348	86
2018-19	1610612764	10074	109.5	92
2018-19	1610612765	9120	106.04651162790698	86
2018-19	1610612766	9787	112.49425287356321	87
2019-20	1610612737	9473	111.44705882352942	85
2019-20	1610612738	10014	111.26666666666667	90
2019-20	1610612739	8498	104.91358024691358	81
2019-20	1610612740	9497	114.42168674698796	83
2019-20	1610612741	9031	107.51190476190476	84
2019-20	1610612742	9325	111.01190476190476	84
2019-20	1610612743	10868	109.77777777777777	99
2019-20	1610612744	12026	113.45283018867924	106
2019-20	1610612745	11254	117.22916666666667	96
2019-20	1610612746	10258	113.97777777777777	90
2019-20	1610612747	9325	111.01190476190476	84
2019-20	1610612748	9219	108.45882352941176	85
2019-20	1610612749	12088	118.50980392156863	102
2019-20	1610612750	9134	112.76543209876543	81
2019-20	1610612751	9408	112.0	84
2019-20	1610612752	8419	102.67073170731707	82
2019-20	1610612753	9537	105.96666666666667	90
2019-20	1610612754	9432	108.41379310344827	87
2019-20	1610612755	10900	112.37113402061856	97
2019-20	1610612756	9014	111.28395061728395	81
2019-20	1610612757	11310	114.24242424242425	99
2019-20	1610612758	9253	110.1547619047619	84
2019-20	1610612759	9795	111.30681818181819	88
2019-20	1610612760	9758	112.16091954022988	87
2019-20	1610612761	11903	112.29245283018868	106
2019-20	1610612762	9697	111.45977011494253	87
2019-20	1610612763	8917	107.43373493975903	83
2019-20	1610612764	9349	115.41975308641975	81
2019-20	1610612765	9715	106.75824175824175	91
2019-20	1610612766	9241	106.2183908045977	87
2020-21	1610612737	4812	117.36585365853658	41
2020-21	1610612738	7654	112.55882352941177	68
2020-21	1610612739	4456	108.6829268292683	41
2020-21	1610612740	5615	116.97916666666667	48
2020-21	1610612741	4367	109.175	40
2020-21	1610612742	6783	116.94827586206897	58
2020-21	1610612743	7728	112.0	69
2020-21	1610612744	3981	107.5945945945946	37
2020-21	1610612745	6868	114.46666666666667	60
2020-21	1610612746	6994	114.65573770491804	61
2020-21	1610612747	8105	114.15492957746478	71
2020-21	1610612748	7736	110.51428571428572	70
2020-21	1610612749	6875	116.52542372881356	59
2020-21	1610612750	4413	113.15384615384616	39
2020-21	1610612751	6071	112.42592592592592	54
2020-21	1610612752	4479	106.64285714285714	42
2020-21	1610612753	6318	110.84210526315789	57
2020-21	1610612754	5905	109.35185185185185	54
2020-21	1610612755	5597	109.74509803921569	51
2020-21	1610612756	5803	111.59615384615384	52
2020-21	1610612757	6523	114.43859649122807	57
2020-21	1610612758	5702	114.04	50
2020-21	1610612759	5563	113.53061224489795	49
2020-21	1610612760	6169	110.16071428571429	56
2020-21	1610612761	6574	111.42372881355932	59
2020-21	1610612762	6334	113.10714285714286	56
2020-21	1610612763	5811	113.94117647058823	51
2020-21	1610612764	5680	111.37254901960785	51
2020-21	1610612765	4219	105.475	40
2020-21	1610612766	3844	103.89189189189189	37
2021-22	1610612737	13869	110.952	125
2021-22	1610612738	12524	110.83185840707965	113
2021-22	1610612739	11306	104.68518518518519	108
2021-22	1610612740	11819	111.5	106
2021-22	1610612741	11508	110.65384615384616	104
2021-22	1610612742	12563	110.20175438596492	114
2021-22	1610612743	12995	112.02586206896552	116
2021-22	1610612744	12316	112.9908256880734	109
2021-22	1610612745	11750	107.79816513761467	109
2021-22	1610612746	13966	110.84126984126983	126
2021-22	1610612747	12703	108.57264957264957	117
2021-22	1610612748	12281	107.7280701754386	114
2021-22	1610612749	15239	115.4469696969697	132
2021-22	1610612750	11899	111.20560747663552	107
2021-22	1610612751	13371	115.26724137931035	116
2021-22	1610612752	11921	106.4375	112
2021-22	1610612753	10962	102.44859813084112	107
2021-22	1610612754	12273	112.59633027522936	109
2021-22	1610612755	13213	111.97457627118644	118
2021-22	1610612756	14531	113.5234375	128
2021-22	1610612757	12788	113.16814159292035	113
2021-22	1610612758	12114	112.16666666666667	108
2021-22	1610612759	11976	110.88888888888889	108
2021-22	1610612760	11084	103.58878504672897	107
2021-22	1610612761	11581	110.29523809523809	105
2021-22	1610612762	13730	116.35593220338983	118
2021-22	1610612763	13247	112.26271186440678	118
2021-22	1610612764	12767	112.98230088495575	113
2021-22	1610612765	10957	104.35238095238095	105
2021-22	1610612766	12072	110.75229357798165	109
2022-23	1610612737	10771	114.58510638297872	94
2022-23	1610612738	12585	114.4090909090909	110
2022-23	1610612739	9709	109.08988764044943	89
2022-23	1610612740	10966	114.22916666666667	96
2022-23	1610612741	10568	112.42553191489361	94
2022-23	1610612742	11566	110.15238095238095	105
2022-23	1610612743	10943	116.41489361702128	94
2022-23	1610612744	12664	113.07142857142857	112
2022-23	1610612745	9563	111.19767441860465	86
2022-23	1610612746	9815	110.28089887640449	89
2022-23	1610612747	9870	113.44827586206897	87
2022-23	1610612748	11622	109.64150943396227	106
2022-23	1610612749	11052	113.9381443298969	97
2022-23	1610612750	11293	117.63541666666667	96
2022-23	1610612751	10699	113.81914893617021	94
2022-23	1610612752	9650	110.91954022988506	87
2022-23	1610612753	9479	107.7159090909091	88
2022-23	1610612754	9988	114.80459770114942	87
2022-23	1610612755	10925	111.4795918367347	98
2022-23	1610612756	11490	114.9	100
2022-23	1610612757	9244	107.48837209302326	86
2022-23	1610612758	9489	114.32530120481928	83
2022-23	1610612759	10138	112.64444444444445	90
2022-23	1610612760	9587	110.19540229885058	87
2022-23	1610612761	10761	110.9381443298969	97
2022-23	1610612762	10827	112.78125	96
2022-23	1610612763	11312	116.61855670103093	97
2022-23	1610612764	9721	110.4659090909091	88
2022-23	1610612765	10052	109.26086956521739	92
2022-23	1610612766	10026	112.65168539325843	89
2023-24	1610612737	10848	120.53333333333333	90
2023-24	1610612738	12079	117.27184466019418	103
2023-24	1610612739	9461	111.30588235294118	85
2023-24	1610612740	9490	112.97619047619048	84
2023-24	1610612741	9661	111.04597701149426	87
2023-24	1610612742	9440	116.54320987654322	81
2023-24	1610612743	12170	114.81132075471699	106
2023-24	1610612744	11262	118.54736842105264	95
2023-24	1610612745	9065	111.91358024691358	81
2023-24	1610612746	9741	115.96428571428571	84
2023-24	1610612747	12013	115.50961538461539	104
2023-24	1610612748	11825	110.51401869158879	107
2023-24	1610612749	10769	121.0	89
2023-24	1610612750	9971	114.60919540229885	87
2023-24	1610612751	9710	112.90697674418605	86
2023-24	1610612752	10513	114.27173913043478	92
2023-24	1610612753	9008	112.6	80
2023-24	1610612754	9749	120.35802469135803	81
2023-24	1610612755	10985	116.86170212765957	94
2023-24	1610612756	10611	114.09677419354838	93
2023-24	1610612757	9110	112.46913580246914	81
2023-24	1610612758	10863	119.37362637362638	91
2023-24	1610612759	9374	112.93975903614458	83
2023-24	1610612760	10066	119.83333333333333	84
2023-24	1610612761	9341	113.91463414634147	82
2023-24	1610612762	9219	115.2375	80
2023-24	1610612763	10170	113.0	90
2023-24	1610612764	9198	114.975	80
2023-24	1610612765	8693	110.0379746835443	79
2023-24	1610612766	8714	110.30379746835443	79
2024-25	1610612737	10228	116.22727272727273	88
2024-25	1610612738	12647	118.19626168224299	107
2024-25	1610612739	11324	114.38383838383838	99
2024-25	1610612740	10001	109.9010989010989	91
2024-25	1610612741	10179	115.67045454545455	88
2024-25	1610612742	12351	114.36111111111111	108
2024-25	1610612743	11007	114.65625	96
2024-25	1610612744	10257	115.24719101123596	89
2024-25	1610612745	10103	114.80681818181819	88
2024-25	1610612746	10590	111.47368421052632	95
2024-25	1610612747	10645	115.70652173913044	92
2024-25	1610612748	9978	108.45652173913044	92
2024-25	1610612749	10392	112.95652173913044	92
2024-25	1610612750	11571	111.25961538461539	104
2024-25	1610612751	9130	107.41176470588235	85
2024-25	1610612752	11447	113.33663366336634	101
2024-25	1610612753	10065	107.07446808510639	94
2024-25	1610612754	12515	118.06603773584905	106
2024-25	1610612755	10016	108.8695652173913	92
2024-25	1610612756	10396	114.24175824175825	91
2024-25	1610612757	9116	106.0	86
2024-25	1610612758	10427	114.58241758241758	91
2024-25	1610612759	9871	112.17045454545455	88
2024-25	1610612760	11369	116.01020408163265	98
2024-25	1610612761	9808	111.45454545454545	88
2024-25	1610612762	9734	114.51764705882353	85
2024-25	1610612763	10019	112.57303370786516	89
2024-25	1610612764	9359	110.10588235294118	85
2024-25	1610612765	9599	110.33333333333333	87
2024-25	1610612766	9381	105.40449438202248	89
2025-26	15016	97	97.0	1
2025-26	15018	257	85.66666666666667	3
2025-26	1610612737	6502	118.21818181818182	55
2025-26	1610612738	7339	112.9076923076923	65
2025-26	1610612739	7601	120.65079365079364	63
2025-26	1610612740	5988	112.98113207547169	53
2025-26	1610612741	6587	117.625	56
2025-26	1610612742	6274	112.03571428571429	56
2025-26	1610612743	8210	117.28571428571429	70
2025-26	1610612744	7817	113.28985507246377	69
2025-26	1610612745	7034	115.31147540983606	61
2025-26	1610612746	6858	114.3	60
2025-26	1610612747	6730	112.16666666666667	60
2025-26	1610612748	7138	109.81538461538462	65
2025-26	1610612749	7011	116.85	60
2025-26	1610612750	8351	115.98611111111111	72
2025-26	1610612751	5760	104.72727272727273	55
2025-26	1610612752	8224	112.65753424657534	73
2025-26	1610612753	6147	104.1864406779661	59
2025-26	1610612754	8814	117.52	75
2025-26	1610612755	6300	110.52631578947368	57
2025-26	1610612756	6303	114.6	55
2025-26	1610612757	6236	113.38181818181818	55
2025-26	1610612758	6376	115.92727272727272	55
2025-26	1610612759	6197	114.75925925925925	54
2025-26	1610612760	9610	120.125	80
2025-26	1610612761	6248	111.57142857142857	56
2025-26	1610612762	6226	111.17857142857143	56
2025-26	1610612763	7144	119.06666666666666	60
2025-26	1610612764	5943	106.125	56
2025-26	1610612765	7089	116.21311475409836	61
2025-26	1610612766	5771	106.87037037037037	54
2025-26	50013	92	92.0	1
2025-26	50014	88	88.0	1
